77
15
15
35
35
92
49
21
62
27
90
90
59
63
26
26
72
36
11
68
67
29
29
30
30
62
67
35
29
2
2
































































































































































































0






0






































0



























































0


















0


















0


























































0
















0






















0




















































































98
24
13
13
56
56
62
70
73
73
5
25
81
27
36
5
5
13
13
29
14
34
34
45
43
50
50
3
51
54
54
32
60
12
26
39
67
67
68
34
1
67
67
2
17
1
52
56
56
41
44
19
40
29
31
17
65
9
27
27
67
75
76
76
76
